0.500000 0.500000 0.500000 0.500000 0.500000 
0.500000 0.268941 0.268941 0.500000 0.500000 
0.500000 0.240693 0.339926 0.368680 0.500000 
0.500000 0.220230 0.419021 0.421029 0.323582 
0.500000 0.197863 0.456610 0.440182 0.355221 
0.500000 0.500000 0.475865 0.448686 0.377386 
0.500000 0.500000 0.461707 0.452939 0.394754 
0.500000 0.500000 0.444915 0.459055 0.409182 
0.500000 0.500000 0.426489 0.466613 0.420516 
0.500000 0.500000 0.407350 0.474723 0.428920 
0.500000 0.500000 0.388287 0.482339 0.434793 
0.440679 0.500000 0.369996 0.488640 0.438653 
0.440679 0.500000 0.353088 0.493265 0.441033 
0.440679 0.500000 0.338020 0.496301 0.442407 
0.440679 0.500000 0.325029 0.498104 0.443150 
0.440679 0.500000 0.314131 0.499085 0.443527 
0.440679 0.500000 0.305172 0.499581 0.443708 
0.440679 0.500000 0.297908 0.499816 0.443791 
0.440679 0.500000 0.292068 0.499922 0.443828 
0.440679 0.500000 0.287396 0.499968 0.443843 
0.440679 0.500000 0.283667 0.499987 0.443850 
0.491008 0.500000 0.280693 0.499995 0.443852 
0.491008 0.500000 0.278323 0.499998 0.443853 
0.491008 0.500000 0.276433 0.499999 0.443854 
0.491008 0.500000 0.274926 0.500000 0.443854 
0.491008 0.500000 0.273723 0.500000 0.443854 
0.491008 0.500000 0.272763 0.500000 0.443854 
0.491008 0.500000 0.271996 0.500000 0.443854 
0.491008 0.500000 0.271383 0.500000 0.443854 
0.491008 0.500000 0.270894 0.500000 0.443854 
0.491008 0.500000 0.270503 0.500000 0.443854 
0.498764 0.500000 0.270190 0.500000 0.443854 
0.498764 0.500000 0.269940 0.500000 0.443854 
0.498764 0.500000 0.269740 0.500000 0.443854 
0.498764 0.500000 0.269580 0.500000 0.443854 
0.498764 0.500000 0.269452 0.500000 0.443854 
0.498764 0.500000 0.269350 0.500000 0.443854 
0.498764 0.500000 0.269268 0.500000 0.443854 
0.498764 0.500000 0.269203 0.500000 0.443854 
0.498764 0.500000 0.269151 0.500000 0.443854 
0.498764 0.500000 0.269109 0.500000 0.443854 
0.499832 0.500000 0.269075 0.500000 0.443854 
0.499832 0.500000 0.269049 0.500000 0.443854 
0.499832 0.500000 0.269027 0.500000 0.443854 
0.499832 0.500000 0.269010 0.500000 0.443854 
0.499832 0.500000 0.268996 0.500000 0.443854 
0.499832 0.500000 0.268985 0.500000 0.443854 
0.499832 0.500000 0.268977 0.500000 0.443854 
0.499832 0.500000 0.268969 0.500000 0.443854 
0.499832 0.500000 0.268964 0.500000 0.443854 
0.499832 0.500000 0.268959 0.500000 0.443854 
0.499977 0.500000 0.268956 0.500000 0.443854 
0.499977 0.500000 0.268953 0.500000 0.443854 
0.499977 0.500000 0.268951 0.500000 0.443854 
0.499977 0.500000 0.268949 0.500000 0.443854 
0.499977 0.500000 0.268947 0.500000 0.443854 
0.499977 0.500000 0.268946 0.500000 0.443854 
0.499977 0.500000 0.268945 0.500000 0.443854 
0.499977 0.500000 0.268944 0.500000 0.443854 
0.499977 0.500000 0.268944 0.500000 0.443854 
0.499977 0.500000 0.268943 0.500000 0.443854 
0.499997 0.500000 0.268943 0.500000 0.443854 
0.499997 0.500000 0.268943 0.500000 0.443854 
0.499997 0.500000 0.268942 0.500000 0.443854 
0.499997 0.500000 0.268942 0.500000 0.443854 
0.499997 0.500000 0.268942 0.500000 0.443854 
0.499997 0.500000 0.268942 0.500000 0.443854 
0.499997 0.500000 0.268942 0.500000 0.443854 
0.499997 0.500000 0.268942 0.500000 0.443854 
0.499997 0.500000 0.268942 0.500000 0.443854 
0.499997 0.500000 0.268942 0.500000 0.443854 
0.500000 0.500000 0.268942 0.500000 0.443854 
0.500000 0.500000 0.268942 0.500000 0.443854 
0.500000 0.500000 0.268942 0.500000 0.443854 
0.500000 0.500000 0.268942 0.500000 0.443854 
0.500000 0.500000 0.268941 0.500000 0.443854 
0.500000 0.500000 0.268941 0.500000 0.443854 
0.500000 0.500000 0.268941 0.500000 0.443854 
0.500000 0.500000 0.268941 0.500000 0.443854 
0.500000 0.500000 0.268941 0.500000 0.443854 
0.500000 0.500000 0.268941 0.500000 0.443854 
0.500000 0.500000 0.268941 0.500000 0.443854 
0.500000 0.500000 0.268941 0.500000 0.443854 
0.500000 0.500000 0.268941 0.500000 0.443854 
0.500000 0.500000 0.268941 0.500000 0.443854 
0.500000 0.500000 0.268941 0.500000 0.443854 
0.500000 0.500000 0.268941 0.500000 0.443854 
0.500000 0.500000 0.268941 0.500000 0.443854 
0.500000 0.500000 0.268941 0.500000 0.443854 
0.500000 0.500000 0.268941 0.500000 0.443854 
0.500000 0.500000 0.268941 0.500000 0.443854 
0.500000 0.500000 0.268941 0.500000 0.443854 
0.500000 0.500000 0.268941 0.500000 0.443854 
0.500000 0.500000 0.268941 0.500000 0.443854 
0.500000 0.500000 0.268941 0.500000 0.443854 
0.500000 0.500000 0.268941 0.500000 0.443854 
0.500000 0.500000 0.268941 0.500000 0.443854 
0.500000 0.500000 0.268941 0.500000 0.443854 
0.500000 0.500000 0.268941 0.500000 0.443854 
0.500000 0.500000 0.268941 0.500000 0.443854 
